Triangle: 1
1 1
-1 -1
1 -1
Triangle: 2
-1 1
-1 -1
1 1
Edge: 3
-6.27744e+066 -6.27744e+066
-6.27744e+066 -6.27744e+066
Edge: 4
-6.27744e+066 -6.27744e+066
-6.27744e+066 -6.27744e+066
Edge: 5
-6.27744e+066 -6.27744e+066
-6.27744e+066 -6.27744e+066
Edge: 6
-6.27744e+066 -6.27744e+066
-6.27744e+066 -6.27744e+066
Edge: 7
-6.27744e+066 -6.27744e+066
10 9
Edge: 8
-6.27744e+066 -6.27744e+066
-6.27744e+066 -6.27744e+066
Edge: 9
-6.27744e+066 -6.27744e+066
1000 999
Edge: 10
-6.27744e+066 -6.27744e+066
-6.27744e+066 -6.27744e+066
Edge: 11
-6.27744e+066 -6.27744e+066
10 11
Edge: 12
-6.27744e+066 -6.27744e+066
-6.27744e+066 -6.27744e+066
Edge: 13
-6.27744e+066 -6.27744e+066
-6.27744e+066 -6.27744e+066
Edge: 14
-6.27744e+066 -6.27744e+066
-6.27744e+066 -6.27744e+066
Edge: 15
-6.27744e+066 -6.27744e+066
1000 1001
